radiosities = [0.0138928, 3.20493e-05, 7.26149e-05, 7.76411e-05, 1.08132e-05, 0, 0.167033, 0.17777, 0.186783, 0.19331, 0.196726, 0.183048, 0.18639, 0.186929, 0.18466, 0.179762, 0, 4.63914e-05, 8.27708e-05, 7.76411e-05, 5.36007e-05, 3.21634e-05, 7.28907e-05, 7.7961e-05, 1.08599e-05, 0, 0.174217, 0.18534, 0.194656, 0.201393, 0.000106799, 0.190443, 0.193982, 0.194622, 0.192353, 0.187355, 0, 4.66111e-05, 8.31401e-05, 7.7961e-05, 5.38062e-05, 3.20493e-05, 7.26149e-05, 7.76411e-05, 1.08132e-05, 0, 0.167107, 0.177547, 0.186289, 0.192611, 0.195921, 0.182148, 0.18556, 0.186284, 0.184285, 0.179702, 0, 4.63914e-05, 8.27708e-05, 7.76411e-05, 5.36007e-05, 3.1712e-05, 7.18012e-05, 7.66986e-05, 1.06755e-05, 0, 0.167227, 0.177471, 0.186021, 0.192194, 0.195434, 0.181571, 0.18513, 0.186073, 0.184346, 0.180064, 0, 4.5746e-05, 8.16848e-05, 7.66986e-05, 5.29946e-05, 3.11668e-05, 7.04887e-05, 7.51829e-05, 5.77912e-05, 0.000393317, 0.161347, 0.171091, 0.179073, 0.184807, 0.187814, 0.174364, 0.17784, 0.17894, 0.177548, 0.173566, 0.000413349, 9.45089e-05, 7.99439e-05, 7.51829e-05, 5.20172e-05, 3.04369e-05, 6.87369e-05, 7.31688e-05, 0.000138069, 0.00124457, 0.00764216, 0.00889847, 0.00965775, 0.00993492, 0.0100192, 0.0095788, 0.00965607, 0.00964029, 0.00917799, 0.00809856, 0.00132105, 0.000182258, 7.76411e-05, 7.31688e-05, 5.07133e-05, 2.95512e-05, 6.66194e-05, 7.0747e-05, 0.000160093, 0.00159508, 0.00342969, 0.00488956, 0.00587926, 0.00613796, 0.00613641, 0.00610795, 0.00606354, 0.00588322, 0.0050221, 0.00356608, 0.00170911, 0.000207482, 7.48877e-05, 7.0747e-05, 4.91382e-05, 2.85415e-05, 6.42159e-05, 6.80149e-05, 0.000162983, 0.0016332, 0.00350915, 0.00500785, 0.00603327, 0.00630408, 0.00630231, 0.00627712, 0.00622424, 0.00603449, 0.0051502, 0.00365308, 0.00175371, 0.000209429, 7.18012e-05, 6.80149e-05, 4.73517e-05, 2.74399e-05, 6.16061e-05, 6.50678e-05, 0.000166489, 0.00167877, 0.00360505, 0.00515247, 0.00621571, 0.00650303, 0.00650455, 0.00647745, 0.00642193, 0.00621743, 0.0052912, 0.00374688, 0.00179264, 0.000209501, 6.84944e-05, 6.50678e-05, 4.54133e-05, 2.62767e-05, 5.88642e-05, 6.19926e-05, 0.000168723, 0.00169642, 0.00362542, 0.00518288, 0.00624132, 0.00652802, 0.00653621, 0.00650636, 0.00645576, 0.00625196, 0.00531488, 0.00376297, 0.00180069, 0.000208108, 6.50678e-05, 6.19926e-05, 4.33785e-05, 3.20326e-05, 7.25771e-05, 7.76006e-05, 1.08075e-05, 0, 0.167033, 0.17777, 0.186783, 0.19331, 0.196726, 0.183048, 0.18639, 0.186929, 0.18466, 0.179762, 0, 4.63672e-05, 8.27277e-05, 7.76006e-05, 5.35728e-05, 3.21467e-05, 7.28527e-05, 7.79204e-05, 1.08543e-05, 0, 0.174217, 0.18534, 0.194656, 0.201393, 0, 0.190443, 0.193982, 0.194622, 0.192353, 0.187355, 0, 4.65868e-05, 8.30968e-05, 7.79204e-05, 5.37782e-05, 3.20326e-05, 7.25771e-05, 7.76006e-05, 1.08075e-05, 0, 0.167107, 0.177547, 0.186289, 0.192611, 0.195921, 0.182148, 0.18556, 0.186284, 0.184285, 0.179702, 0, 4.63672e-05, 8.27277e-05, 7.76006e-05, 5.35728e-05, 3.16955e-05, 7.17638e-05, 7.66586e-05, 1.06699e-05, 0, 0.167227, 0.177471, 0.186021, 0.192194, 0.195434, 0.181571, 0.18513, 0.186073, 0.184346, 0.180064, 0, 4.57221e-05, 8.16423e-05, 7.66586e-05, 5.2967e-05, 3.11506e-05, 7.0452e-05, 7.51438e-05, 5.78424e-05, 0.000393588, 0.161348, 0.171092, 0.179075, 0.184808, 0.187816, 0.174365, 0.177842, 0.178941, 0.17755, 0.173567, 0.00041428, 9.46049e-05, 7.99023e-05, 7.51438e-05, 5.19901e-05, 3.0421e-05, 6.87011e-05, 7.31306e-05, 0.000137987, 0.0012438, 0.00764152, 0.00889894, 0.00965868, 0.009936, 0.0100204, 0.00958, 0.00965714, 0.00964148, 0.00918018, 0.00810175, 0.00132325, 0.000182485, 7.76006e-05, 7.31306e-05, 5.06869e-05, 2.95358e-05, 6.65847e-05, 7.07101e-05, 0.000159955, 0.00159326, 0.00342693, 0.0048873, 0.00587735, 0.00613616, 0.0061348, 0.00610638, 0.00606183, 0.00588197, 0.00502316, 0.00356907, 0.00171145, 0.000207744, 7.48487e-05, 7.07101e-05, 4.91126e-05, 2.85266e-05, 6.41824e-05, 6.79795e-05, 0.000162839, 0.00163133, 0.00350631, 0.00500553, 0.00603129, 0.00630222, 0.00630065, 0.0062755, 0.00622248, 0.0060332, 0.00515129, 0.00365614, 0.00175611, 0.000209697, 7.17638e-05, 6.79795e-05, 4.7327e-05, 2.74256e-05, 6.1574e-05, 6.50339e-05, 0.000166348, 0.00167684, 0.00360209, 0.00514999, 0.00621357, 0.00650101, 0.00650274, 0.00647568, 0.00642003, 0.00621604, 0.00529228, 0.00375, 0.00179507, 0.000209774, 6.84587e-05, 6.50339e-05, 4.53897e-05, 2.6263e-05, 5.88336e-05, 6.19603e-05, 0.000168576, 0.00169447, 0.00362246, 0.00518042, 0.00623923, 0.00652605, 0.00653442, 0.00650462, 0.0064539, 0.00625062, 0.005316, 0.00376612, 0.00180313, 0.000208379, 6.50339e-05, 6.19603e-05, 4.33559e-05, 0.000331357, 0.000320743, 0.000316829, 0.000305694, 0.000307125, 0.179767, 0.184559, 0.186825, 0.186283, 0.182941, 0.19662, 0.193206, 0.186681, 0.177673, 0.16694, 0.000277604, 0.000380859, 0.000396517, 0.000400228, 0.000410275, 0.000326687, 0.00031778, 0.000315028, 0.000303131, 0.000303268, 0.187358, 0.192251, 0.194517, 0.193875, 0.190336, 0.204807, 0.201288, 0.194554, 0.185242, 0.174123, 0.000278689, 0.000380992, 0.000395364, 0.000400169, 0.000412538, 0.000347956, 0.000340308, 0.000338682, 0.000325181, 0.000323985, 0.17971, 0.184183, 0.18618, 0.185454, 0.182041, 0.195815, 0.192507, 0.186187, 0.17745, 0.167014, 0.000264678, 0.000360478, 0.000372625, 0.000378034, 0.000391722, 0.000329438, 0.000320677, 0.000317971, 0.000306242, 0.000306864, 0.180069, 0.184246, 0.185971, 0.185026, 0.181466, 0.19533, 0.192091, 0.185921, 0.177375, 0.167135, 0.000275794, 0.000376677, 0.000390338, 0.000394785, 0.000407114, 0.000329575, 0.000319473, 0.000315807, 0.000354922, 0.000720836, 0.173573, 0.177452, 0.17884, 0.177739, 0.174262, 0.187713, 0.184707, 0.178977, 0.170997, 0.161258, 0.000668521, 0.000422632, 0.000388337, 0.000392344, 0.000404333, 0.000310663, 0.000303951, 0.000303, 0.000430518, 0.00161266, 0.00810436, 0.00908471, 0.00954452, 0.00955874, 0.00948094, 0.00992188, 0.00983916, 0.00956446, 0.00880843, 0.00755592, 0.00150547, 0.000484532, 0.000369911, 0.000372152, 0.000381293, 0.000213929, 0.000207269, 0.00020512, 0.000364459, 0.00191023, 0.0035543, 0.00493293, 0.00579182, 0.00597074, 0.00601467, 0.00604361, 0.00604656, 0.0057901, 0.00480332, 0.00334692, 0.00166057, 0.000239217, 9.16905e-05, 9.23731e-05, 9.50456e-05, 0, 0, 0, 0.0001695, 0.00175371, 0.00359814, 0.00506555, 0.00594785, 0.00613636, 0.00618881, 0.00621443, 0.00621744, 0.00594862, 0.00492581, 0.00343021, 0.0016332, 0.000153567, 0, 0, 0, 0, 0, 0, 0.000171496, 0.00179264, 0.00369491, 0.00521126, 0.00613575, 0.00633916, 0.00639431, 0.00642178, 0.00642135, 0.00613577, 0.00507483, 0.00353016, 0.00167877, 0.000157497, 0, 0, 0, 0, 0, 0, 0.000172087, 0.00180069, 0.00371401, 0.0052397, 0.00617527, 0.00637812, 0.0064284, 0.00645857, 0.00645132, 0.00616613, 0.00510971, 0.00355468, 0.00169642, 0.000160172, 0, 0, 0, 0.000331184, 0.000320576, 0.000316664, 0.000305535, 0.000306965, 0.179767, 0.184559, 0.186825, 0.186283, 0.182941, 0.19662, 0.193206, 0.186681, 0.177673, 0.16694, 0.000277749, 0.000381057, 0.000396724, 0.000400437, 0.000410489, 0.000326517, 0.000317614, 0.000314864, 0.000302973, 0.00030311, 0.187358, 0.192251, 0.194517, 0.193875, 0.190336, 0.204807, 0.201288, 0.194554, 0.185242, 0.174123, 0.000278834, 0.000381191, 0.00039557, 0.000400377, 0.000412753, 0.000347775, 0.00034013, 0.000338506, 0.000325012, 0.000323816, 0.17971, 0.184183, 0.18618, 0.185454, 0.182041, 0.195815, 0.192507, 0.186187, 0.17745, 0.167014, 0.000264816, 0.000360666, 0.000372819, 0.000378231, 0.000391926, 0.000329267, 0.00032051, 0.000317805, 0.000306082, 0.000306704, 0.180069, 0.184246, 0.185971, 0.185026, 0.181466, 0.19533, 0.192091, 0.185921, 0.177375, 0.167135, 0.000275938, 0.000376874, 0.000390542, 0.000394991, 0.000407326, 0.000329403, 0.000319307, 0.000315643, 0.000354882, 0.000721607, 0.173575, 0.177453, 0.178842, 0.177741, 0.174264, 0.187715, 0.184709, 0.178978, 0.170999, 0.161259, 0.000668936, 0.000422884, 0.00038854, 0.000392549, 0.000404544, 0.000310501, 0.000303792, 0.000302842, 0.000430615, 0.0016147, 0.00810755, 